# This file may be used to create an environment using:
# $ conda create --name <env> --file <this file>
# platform: win-64
# created-by: conda 25.11.0
asgiref=3.11.0=pypi_0
blosc=1.21.6=h85f69ea_0
bzip2=1.0.8=h2bbff1b_6
ca-certificates=2025.12.2=haa95532_0
django=6.0=pypi_0
expat=2.7.3=h885b0b7_4
freeglut=3.8.0=hfcef157_0
freexl=2.0.0=h8276f4a_0
gdal=3.11.4=py312h07de9ea_9
geos=3.10.6=hd4c2148_0
geotiff=1.7.0=hbf7d8e7_4
jpeg=9e=hcfcfb64_3
krb5=1.21.3=hdf4eb48_0
lerc=4.0.0=h6470a55_1
libarchive=3.8.2=h6c023e8_0
libblas=3.11.0=4_hf2e6a31_mkl
libcblas=3.11.0=4_h2a3cdd5_mkl
libcurl=8.17.0=h43ecb02_0
libdeflate=1.22=h2466b09_0
libexpat=2.7.3=h885b0b7_4
libffi=3.4.4=hd77b12b_1
libgdal-core=3.11.4=h9cea349_0
libhwloc=2.12.1=default_h88281d1_1000
libiconv=1.18=hc1393d2_2
libkml=1.3.0=h68a222c_1022
liblapack=3.11.0=4_hf9ab0e9_mkl
libpng=1.6.53=h7351971_0
libspatialite=5.1.0=h6715bb4_2
libsqlite=3.51.1=hf5d6505_0
libssh2=1.11.1=h9aa295b_0
libtiff=4.7.1=h3a18249_0
libwebp-base=1.6.0=h4d5522a_0
libwinpthread=12.0.0.r4.gg4f2fc60ca=h57928b3_10
libxml2=2.13.9=h741aa76_0
libzlib=1.3.1=h02ab6af_0
llvm-openmp=21.1.7=h4fa8253_0
lz4-c=1.9.4=hcfcfb64_0
minizip=4.0.6=hb638d1e_0
mkl=2025.3.0=hac47afa_454
narwhals=2.13.0=pypi_0
numpy=2.3.5=py312ha72d056_0
openssl=3.6.0=h725018a_0
packaging=25.0=pypi_0
pandas=2.3.3=pypi_0
pcre2=10.46=h3402e2f_0
pip=25.3=pyhc872135_0
plotly=6.5.0=pypi_0
proj=9.3.1=he13c7e8_0
python=3.12.12=h716150d_1
python-dateutil=2.9.0.post0=pypi_0
python_abi=3.12=3_cp312
pytz=2025.2=pypi_0
setuptools=80.9.0=py312haa95532_0
six=1.17.0=pypi_0
snappy=1.2.2=h7fa0ca8_1
sqlite=3.51.0=hda9a48d_0
sqlparse=0.5.4=pypi_0
tbb=2022.3.0=hd094cb3_1
tk=8.6.15=hf199647_0
tzdata=2025.2=pypi_0
ucrt=10.0.22621.0=haa95532_0
uriparser=0.9.8=h5a68840_0
vc=14.3=h2df5915_10
vc14_runtime=14.44.35208=h4927774_10
vs2015_runtime=14.44.35208=ha6b5a95_10
wheel=0.45.1=py312haa95532_0
xerces-c=3.3.0=he0c23c2_0
xz=5.6.4=h4754444_1
zlib=1.3.1=h02ab6af_0
zstd=1.5.7=h534d264_6
